1 1.05
2 0.00
3 0.00
4 0.00
5 0.00
6 0.00
7 0.00
8 1.05
9 0.00
10 0.00
11 0.00
12 0.00
13 0.00
14 1.05
15 0.00
16 0.00
17 0.00
18 1.05
19 0.00
20 0.00
21 0.00
22 1.05
23 0.00
24 0.00
25 0.00
26 0.00
27 1.05
28 0.00
29 0.00
30 0.00
31 1.05
32 0.00
33 0.00
34 0.00
35 0.00
36 0.00
37 0.00
38 0.00
39 0.00
40 0.00
41 3.15
42 0.00
43 0.00
44 0.00
45 0.00
46 0.00
47 0.00
48 0.00
49 2.10
50 0.00
51 0.00
52 0.00
53 1.05
54 2.10
55 0.00
56 0.00
57 0.00
58 0.00
59 3.15
60 0.00
61 0.00
62 1.05
63 0.00
64 0.00
65 0.00
66 0.00
67 2.10
68 0.00
69 0.00
70 0.00
71 0.00
72 1.05
73 0.00
74 0.00
75 0.00
76 3.15
77 0.00
78 0.00
79 0.00
80 0.00
81 0.00
82 0.00
83 1.05
84 0.00
85 0.00
86 1.05
87 0.00
88 0.00
89 0.00
90 2.10
91 0.00
92 0.00
93 2.10
94 0.00
95 0.00
96 1.05
97 0.00
98 0.00
99 0.00
100 0.00
101 0.00
102 0.00
103 4.19
104 0.00
105 0.00
106 0.00
107 0.00
108 0.00
109 2.10
110 0.00
111 2.10
112 0.00
113 2.10
114 0.00
115 1.05
116 0.00
117 0.00
118 3.15
119 0.00
120 0.00
