1 0
2 0
3 13
4 0
5 0
6 0
7 1.1
8 0
9 5
10 0
11 13
12 0
13 0
14 0
15 21
16 24
17 19
18 21
19 0
20 0
21 0
22 0
23 3.9
24 3.1
25 0
26 0
27 11
28 11
29 13
30 0
31 0
32 0
33 0
34 0
35 0
36 0
37 0
38 0
39 0
40 0
41 0
42 0
43 0
44 0
45 0
46 0
47 0
48 0
49 0
50 0
51 0
52 0
53 4.3
54 6.8
55 9.1
56 0
57 0
58 0
59 0
60 0
61 0
62 0
63 0
64 0
65 2.2
66 9
67 13
68 22
69 1.9
70 0
71 1.5
72 15
73 0
74 1.1
75 0
76 4.4
77 0
78 0
79 7.1
80 0
81 0
82 5.1
83 0
84 0
85 0
86 0
87 0
88 0
89 0
90 0
91 0
92 0
93 0
94 0
95 0
96 6
97 0
98 0
99 0
100 0
101 0
102 0
103 0
104 0
105 12
106 14
107 22
108 14
109 0
110 0
111 0
112 0
113 0
114 0
115 0
116 11
117 7.4
118 0
119 0
120 0
